			 COMPLETED PROCESSES

PROCESS_ID:
1
24
10
4
11
12
9
6
0
8
17
3
13
5
22
2
32
7
36
27
20
31
23
29
35
33
26
19
15
18
41
43
39
30
45
37
42
56
44
49
53
57
65
51
55
52
54
46
48
69
47
38
72
66
70
60
77
76
73
86
59
84
87
61
82
78
91
67
103
63
97
108
95
75
81
89
90
96
102
74
88
93
98
85
83
116
100
99
94
106
119
117
120
121
110
125
132
139
107
105
104
113
140
131
101
133
114
112
123
122
115
127
128
136
118
126
130
111
155
153
143
129
145
148
163
159
134
137
124
156
144
142
149
150
146
147
169
154
167
168
151
165
173
164
158
170
183
176
172
186
161
187
152
157
189
180
162
179
175
201
178
198
174
199
171
184
181
195
182
202
192
197
219
213
215
190
210
211
191
205
229
204
203
216
235
217
230
206
223
220
214
228
221
222
225
209
233
227
237
218
224
244
243
246
242
208
234
231
250
253
261
247
267
240
256
248
263
254
251
255
252
260
236
249
270
259
268
257
279
282
271
258
266
265
287
273
277
289
278
274
281
269
304
300
298
275
280
283
307
288
295
291
299
301
293
306
286
303
302
305
310
276
296
294
290
308
312
337
314
292
313
317
316
309
311
321
320
329
318
319
331
334
338
342
322
341
325
327
332
324
344
346
326
356
365
350
340
348
328
335
347
353
358
355
354
360
357
359
372
361
349
345
369
373
362
376
370
396
352
380
383
367
395
387
391
379
377
393
378
351
398
399
388
404
386
371
381
389
392
397
382
400
401
394
384
435
412
403
414
407
408
415
423
416
409
385
411
418
426
422
405
425
420
413
417
430
424
445
428
427
446
429
442
436
438
434
449
437
441
447
444
450
455
451
452
443
440
472
466
469
477
473
454
460
456
453
439
459
464
470
462
467
461
468
463
480
465
475
474
457
481
485
497
478
493
479
490
501
494
492
499
498
482
486
476
500
483
512
488
496
505
515
507
510
506
508
514
511
525
529
513
491
517
546
509
533
521
516
524
534
531
523
530
520
504
542
561
543
526
545
537
550
528
536
544
547
541
553
554
565
548
573
539
572
552
551
564
569
575
567
558
571
562
563
570
580
579
577
578
590
574
587
586
585
566
589
583
592
582
595
602
594
591
604
600
609
616
596
588
598
601
606
599
605
610
613
603
633
624
619
615
625
612
597
617
638
626
655
656
629
635
620
623
627
647
628
618
636
634
645
643
621
644
631
639
652
650
630
622
642
657
641
667
658
663
646
651
662
683
659
665
675
668
671
674
672
661
669
670
673
660
686
666
680
689
698
679
678
692
682
694
696
676
688
681
710
701
690
724
707
717
684
695
704
709
713
718
715
699
702
711
700
722
719
706
736
728
705
735
743
723
741
738
734
725
730
721
752
742
729
726
727
714
732
749
716
737
753
739
759
750
745
747
740
761
748
755
754
764
773
758
744
760
770
767
785
763
751
762
769
776
786
771
765
766
789
774
781
792
783
782
780
777
778
788
787
775
795
791
801
802
820
794
808
798
790
784
799
796
797
809
816
822
824
807
819
815
803
827
836
829
833
825
821
811
810
817
828
837
839
859
832
865
826
851
845
842
835
838
850
853
841
854
834
855
857
856
831
861
843
818
867
863
860
864
870
830
862
880
871
849
866
872
852
858
886
892
878
877
908
884
875
882
887
894
885
899
876
901
889
883
879
897
902
911
893
904
916
898
890
914
915
917
903
928
895
905
909
918
935
907
933
912
896
906
932
921
926
930
946
913
942
924
936
949
940
947
934
938
937
953
954
944
952
922
959
958
948
962
961
976
977
973
955
967
968
965
951
964
957
966
978
983
971
969
985
970
989
979
986
974
963
987
992
984
991
980
994
975
990
981
999
993
996
995