			 REJECTED PROCESSES

PROCESS_ID:
25
21
28
16
14
34
40
50
64
58
68
71
62
92
80
109
79
135
138
141
160
166
177
185
188
193
194
196
200
207
212
226
232
239
241
245
238
262
264
272
285
297
284
315
330
333
336
339
343
323
363
364
366
368
374
390
406
402
410
421
431
375
433
419
448
432
471
458
484
487
495
502
503
518
522
532
535
519
538
540
489
549
527
555
556
557
559
560
568
581
584
607
608
611
614
593
576
632
640
648
649
637
653
654
664
685
687
693
677
697
703
712
708
691
720
731
733
746
756
757
768
779
772
793
805
806
812
813
814
800
823
804
840
844
846
847
848
868
873
874
869
881
888
910
891
900
919
923
925
927
929
931
939
941
945
950
920
972
960
943
956
982
988
997
998