			 COMPLETED PROCESSES

PROCESS_ID:
1
24
10
4
11
12
25
6
9
16
0
14
8
17
5
3
13
2
22
7
32
36
20
27
31
23
40
29
35
21
33
26
15
19
28
18
41
30
43
39
58
45
37
42
56
44
57
49
51
53
65
55
52
54
46
48
62
69
47
38
72
60
70
66
68
77
76
73
59
84
86
87
61
78
82
64
67
91
63
103
97
71
95
108
75
81
89
92
90
74
96
102
88
79
98
93
85
83
116
100
99
94
106
119
109
117
110
120
121
125
107
105
104
132
113
101
131
140
133
112
114
115
122
123
127
128
136
118
126
111
130
155
138
129
143
145
153
148
135
163
124
137
134
159
156
144
142
150
149
146
147
169
154
167
151
168
165
173
164
158
170
177
152
183
176
172
161
185
186
187
157
162
180
179
175
174
178
201
198
199
171
184
181
194
182
202
197
219
213
190
215
207
210
212
211
191
205
200
204
203
216
193
217
235
206
220
223
214
228
222
221
225
209
233
237
218
227
245
224
244
243
242
246
208
234
239
250
238
253
261
240
267
241
256
248
262
263
254
251
255
252
236
260
249
270
259
268
257
279
272
271
282
258
266
265
273
277
287
289
274
278
284
281
269
275
304
280
298
297
283
307
288
295
291
299
301
293
286
285
306
303
302
305
276
310
290
296
294
308
312
292
337
313
314
317
316
309
315
311
323
321
320
329
318
331
319
338
334
322
342
341
325
327
330
324
344
346
326
356
340
350
328
348
335
347
339
353
358
343
355
354
360
357
359
361
345
349
362
369
373
376
370
363
352
396
380
383
367
395
387
391
379
377
351
393
378
398
399
388
386
404
371
381
389
392
397
382
375
394
400
401
384
412
403
435
414
407
415
423
385
409
416
411
418
426
431
405
421
422
419
390
425
420
413
417
424
430
428
445
427
429
433
446
436
438
432
434
441
437
447
444
450
455
451
448
452
443
440
472
466
469
454
456
473
477
439
460
453
459
458
464
471
470
462
461
467
463
468
480
465
475
457
474
485
481
478
479
493
497
490
494
501
492
482
499
486
498
476
500
502
503
496
488
512
505
515
507
489
506
510
508
495
525
529
513
491
519
517
509
516
546
521
518
524
532
534
531
522
504
520
530
527
542
561
543
540
526
545
537
528
536
544
547
553
554
565
548
539
573
572
564
559
569
557
575
567
558
571
562
563
568
570
580
579
577
578
574
587
586
584
566
585
589
583
582
581
595
602
591
594
614
588
609
604
600
596
616
598
576
601
607
606
599
605
610
611
613
603
633
624
619
615
625
597
612
617
638
626
655
629
620
656
635
623
627
637
628
618
636
634
621
645
643
631
639
644
652
648
630
650
640
642
657
641
654
667
658
664
646
651
663
662
659
683
668
665
675
671
672
674
661
669
670
660
673
686
677
687
666
680
689
691
698
679
678
682
685
694
676
688
681
710
697
701
690
684
724
707
695
717
704
713
718
715
699
702
703
720
700
711
719
722
706
705
736
728
743
723
741
734
738
725
730
733
721
742
729
752
726
727
714
716
746
737
749
753
757
739
759
750
745
740
747
748
761
755
754
764
758
744
773
760
770
767
772
785
751
763
762
769
776
756
786
766
771
774
765
789
779
783
792
782
780
768
778
777
788
787
775
795
791
801
800
802
794
798
808
790
784
796
799
797
804
809
805
816
822
824
807
819
815
803
806
827
836
829
833
811
810
821
825
817
828
846
837
839
832
859
840
826
865
851
845
835
838
850
842
853
844
841
834
818
831
857
843
856
861
867
863
860
864
830
870
847
862
880
849
871
852
866
872
873
868
858
874
886
878
892
875
882
884
908
887
894
885
876
899
879
889
901
883
897
911
893
902
891
904
898
890
903
914
915
928
895
905
931
909
918
896
935
907
933
912
906
921
932
910
926
939
930
913
927
942
900
924
936
929
940
949
934
938
937
947
953
944
954
952
959
958
948
962
961
976
977
973
956
955
967
960
951
968
965
964
957
972
966
978
971
969
970
985
979
989
974
963
986
997
992
987
982
991
975
994
990
981
999
998
993
996
995