			 REJECTED PROCESSES

PROCESS_ID:
34
50
80
139
141
160
166
188
189
192
195
196
226
229
230
231
232
247
264
300
332
333
336
364
365
366
368
372
374
402
406
408
410
442
449
483
484
487
511
514
523
533
535
538
541
549
550
551
552
555
556
560
590
592
593
608
622
632
647
649
653
692
693
696
708
709
712
731
732
735
781
793
812
813
814
820
823
848
854
855
869
877
881
888
916
917
919
920
922
923
925
941
943
945
946
950
980
983
984
988